   0.000000000000000
   4.471192988211014
   8.731179870617767
  12.760777416017795
  16.532049950625801
  20.019904218997720
  23.016902439914794
  26.181852030974682
  27.194107749339764
  32.485305679336690
  32.526077047959859
  40.372884646296882
  40.373266722010818
  49.969238102727523
  49.969239661993882
  61.182156945729709
  61.182156949074212
  73.967478396074100
  73.967478396078320
  88.303577294301590
  88.303577294301874
 104.178654662984584
 104.178654662984997
 121.585767631371780
 121.585767631371922
 140.520594982673543
 140.520594982673771
 160.980326011340054
 160.980326011340736
 182.963065700852667
 182.963065700853150
 206.467497524206578
 206.467497524206664
 231.492683215741948
 231.492683215742176
 258.037939196234845
 258.037939196235129
 286.102757761638202
 286.102757761638884
 315.686755375328062
 315.686755375328914
 346.789637891344171
 346.789637891344626
 379.411176646834747
 379.411176646834861
 413.551191702641802
 413.551191702644076
 449.209539887129154
 449.209539887130859
 486.386106130542828
 486.386106130543624
 525.080797093379715
 525.080797093381307
 565.293536419574139
 565.293536419577890
 607.024261157393653
 607.024261157395813
 650.272919030755929
 650.272919030759795
 695.039466337495810
 695.039466337498425
 741.323866315171358
 741.323866315172154
 789.126087859151653
 789.126087859153813
 838.446104508760300
 838.446104508761664
 889.283893639285679
 889.283893639288067
 941.639435813379691
 941.639435813381283
 995.512714256935510
 995.512714256935851
1050.903714432830611
1050.903714432831066
1107.812423692220364
1107.812423692226503
1166.238830987636675
1166.238830987636902
1226.182926635670583
1226.182926635673311
1287.644702119752310
1287.644702119755493
1350.624149925387201
1350.624149925390839
1415.121263401883652
1415.121263401885699
1481.136036645909144
1481.136036645911645
1548.668464402896916
1548.668464402901463
1617.718541983333580
1617.718541983338810
1688.286265191380608
1688.286265191385837
1760.371630263784482
1760.371630263785164
1833.974633817431140
1833.974633817443191
1909.095272804205479
1909.095272804215256
1985.733544471935147
1985.733544471942423
2063.889446330562350
2063.889446330570991
2143.562976122773762
2143.562976122774216
2224.754131798328672
2224.754131798334583
2307.462911491745672
2307.462911491746127
2391.689313502592540
2391.689313502594814
2477.433336278307252
2477.433336278321349
2564.694978399056254
2564.694978399071715
2653.474238564329880
2653.474238564333973
2743.771115581052072
2743.771115581062531
2835.585608353191219
2835.585608353193038
2928.917715872379176
2928.917715872386907
3023.767437209673972
3023.767437209688069
3120.134771508113772
3120.134771508116046
3218.019717976174434
3218.019717976175343
3317.422275881814130
3317.422275881820497
3418.342444547276500
3418.342444547280593
3520.780223344227124
3520.780223344238038
3624.735611689573034
3624.735611689573943
3730.208609041544605
3730.208609041545060
3837.199214896253579
3837.199214896253579
3945.707428784613057
3945.707428784621243
4055.733250269382552
4055.733250269383007
4167.276678942711442
4167.276678942746003
4280.337714423753823
4280.337714423766556
4394.916356356534379
4394.916356356550750
4511.012604408078914
4511.012604408079824
4628.626458266584450
4628.626458266598092
4747.757917639895823
4747.757917639897641
4868.406982253957722
4868.406982253959541
4990.573651851545947
4990.573651851552313
5114.257926191079605
5114.257926191079605
5239.459805045350549
5239.459805045370558
5366.179288200689371
5366.179288200694828
5494.416375455808520
5494.416375455829439
5624.171066621181126
5624.171066621208411
5755.443361518051461
5755.443361518052370
5888.233259977730995
5888.233259977731905
6022.540761841001768
6022.540761841013591
6158.365866957425169
6158.365866957446087
6295.708575184803522
6295.708575184807160
6434.568886388606188
6434.568886388607098
6574.946800441463893
6574.946800441475716
6716.842317222820384
6716.842317222825841
6860.255436618366730
6860.255436618375825
7005.186158519774835
7005.186158519776654
7151.634482824199040
7151.634482824201768
7299.600409434075118
7299.600409434094217
7449.083938256743750
7449.083938256744659
7600.085069204107640
7600.085069204109459
7752.603802192410512
7752.603802192434159
7906.640137142070671
7906.640137142076128
8062.194073977214430
8062.194073977235348
8219.265612625718859
8219.265612625726135
8377.854753018793417
8377.854753018838892
8537.961495090985409
8537.961495091003599
8699.585838779757978
8699.585838779794358
8862.727784025488290
8862.727784025508299
9027.387330771396591
9027.387330771422057
9193.564478963067813
9193.564478963082365
9361.259228548728061
9361.259228548740793
9530.471579478748026
9530.471579478751664
9701.201531705753951
9701.201531705773959
9873.449085184447540
9873.449085184498472
10047.214239871536847
10047.214239871558675
10222.496995725454326
10222.496995725456145
10399.297352706507809
10399.297352706529637
10577.615310776642218
10577.615310776667684
10757.450869899428653
10757.450869899457757
10938.804030039882491
10938.804030039909776
11121.674791164519775
11121.674791164534327
11306.063153241262626
11306.063153241280816
11491.969116239151845
11491.969116239173673
11679.392680128685242
11679.392680128712527
11868.333844881459299
11868.333844881464756
12058.792610470109139
12058.792610470121872
12250.768976868403115
12250.768976868414029
12444.262944051171871
12444.262944051188242
12639.274511994233762
12639.274511994251952
12835.803680674196585
12835.803680674240240
13033.850450068695864
13033.850450068734062
13233.414820156162023
13233.414820156176575
13434.496790915824022
13434.496790915860402
13637.096362327665702
13637.096362327689349
13841.213534372485810
13841.213534372489448
14046.848307031668810
14046.848307031687000
14254.000680287423165
14254.000680287435898
14462.670654122419364
14462.670654122426640
14672.858228520122793
14672.858228520186458
14884.563403464511794
14884.563403464529983
15097.786178940112222
15097.786178940114041
15312.526554932002909
15312.526554932002909
15528.784531425822934
15528.784531425881141
15746.560108407649750
15746.560108407666121
15965.853285864097415
15965.853285864119243
16186.664063782169251
16186.664063782218363
16408.992442149377894
16408.992442149410635
16632.838420953597961
16632.838420953612513
16858.202000183162454
16858.202000183166092
17085.083179826728156
17085.083179826739070
17313.481959873399319
17313.481959873421147
17543.398340312629443
17543.398340312654909
17774.832321134119411
17774.832321134137601
18007.783902328024851
18007.783902328046679
18242.253083884737862
18242.253083884803345
18478.239865794959769
18478.239865795010701
18715.744248049835733
18715.744248049864837
18954.766230640507274
18954.766230640569120
19195.305813558701630
19195.305813558738009
19437.362996796135121
19437.362996796215157
19680.937780344916973
19680.937780344971543
19926.030164197520207
19926.030164197523845
20172.640148346319620
20172.640148346356000
20420.767732784221153
20420.767732784239342
20670.412917504159850
20670.412917504207144
20921.575702499456384
20921.575702499503677
21174.256087763536925
21174.256087763536925
21428.454073289911321
21428.454073289947701
21684.169659072507784
21684.169659072580544
21941.402845105250890
21941.402845105276356
22200.153631382301683
22200.153631382345338
22460.422017898024933
22460.422017898046761
22722.208004646879999
22722.208004646934569
22985.511591623573622
22985.511591623584536
23250.332778822910768
23250.332778822936234
23516.671566239790991
23516.671566239860113
23784.527953869386693
23784.527953869390331
24053.901941706848447
24053.901941706852085
24324.793529747548746
24324.793529747614230
24597.202717987038341
24597.202717987085634
24871.129506421006226
24871.129506421042606
25146.573895045021345
25146.573895045050449
25423.535883854998247
25423.535883855045540
25702.015472846924240
25702.015472846971534
25982.012662016946706
25982.012662016979448
26263.527451361114800
26263.527451361162093
26546.559840875852387
26546.559840875881491
26831.109830557408714
26831.109830557419627
27117.177420402324060
27117.177420402338612
27404.762610407116881
27404.762610407145985
27693.865400568574842
27693.865400568600307
27984.485790883318259
27984.485790883340087
28276.623781348196644
28276.623781348222110
28570.279371960190474
28570.279371960212302
28865.452562716262037
28865.452562716262037
29162.143353613420913
29162.143353613468207
29460.351744648884051
29460.351744648916792
29760.077735819748341
29760.077735819835652
30061.321327123489027
30061.321327123489027
30364.082518557275762
30364.082518557304866
30668.361310118609254
30668.361310118638357
30974.157701804964745
30974.157701805044780
31281.471693613886600
31281.471693613937532
31590.303285543042875
31590.303285543071979
31900.652477589912451
31900.652477589912451
32212.519269752381661
32212.519269752418040
32525.903662028176768
32525.903662028220424
32840.805654415053141
32840.805654415067693
33157.225246910951682
33157.225246911017166
33475.162439513791469
33475.162439513944264
33794.617232221658924
33794.617232221673476
34115.589625032356707
34115.589625032407639
34438.079617944167694
34438.079617944182246
34762.087210955090995
34762.087210955171031
35087.612404063278518
35087.612404063365830
35414.655197266925825
35414.655197266947653
35743.215590564403101
35743.215590564504964
36073.293583953847701
36073.293583953927737
36404.889177433673467
36404.889177433673467
36738.002371002075961
36738.002371002155996
37072.633164657818270
37072.633164657898305
37408.781558398964989
37408.781558399066853
37746.447552224053652
37746.447552224199171
38085.631146131796413
38085.631146131920104
38426.332340120636218
38426.332340120687149
38768.551134189008735
38768.551134189096047
39112.287528335553361
39112.287528335560637
39457.541522558924044
39457.541522558989527
39804.313116857993009
39804.313116858080321
40152.602311231094063
40152.602311231115891
40502.409105677215848
40502.409105677237676
40853.733500194837688
40853.733500194895896
41206.575494783050090
41206.575494783057366
41560.935089440521551
41560.935089440645243
41916.812284165927849
41916.812284166015161
42274.207078958228522
42274.207078958286729
42633.119473816390382
42633.119473816463142
42993.549468739292934
42993.549468739322037
43355.497063725764747
43355.497063725917542
43718.962258774437942
43718.962258774714428
44083.945053884985100
44083.945053885188827
44450.445449056052894
44450.445449056300276
44818.463444286528102
44818.463444286600861
45187.999039575493953
45187.999039575624920
45559.052234921946365
45559.052234922055504
45931.623030325150467
45931.623030325325090
46305.711425784080348
46305.711425784218591
46681.317421299318084
46681.317421299339912
47058.441041337617207
47058.441041337704519
47437.217946690361714
47437.217946690565441
