   0.000000000000000
   4.471192988211040
   8.731179870617714
  12.760777416017751
  16.532049950625769
  20.019904218997652
  23.016902439914780
  26.181852030974593
  27.194107749339736
  32.485305679336548
  32.526077047959774
  40.372884646296811
  40.373266722010747
  49.969238102727495
  49.969239661993832
  61.182156945729758
  61.182156949074162
  73.967478396074014
  73.967478396078207
  88.303577294301391
  88.303577294301604
 104.178654662984613
 104.178654662984670
 121.585767631371610
 121.585767631371851
 140.520594982673373
 140.520594982673572
 160.980326011340566
 160.980326011340679
 182.963065700852553
 182.963065700852923
 206.467497524205925
 206.467497524206010
 231.492683215742034
 231.492683215742062
 258.037939196235357
 258.037939196235357
 286.102757761637974
 286.102757761638713
 315.686755375329142
 315.686755375329540
 346.789637891344228
 346.789637891344455
 379.411176646834804
 379.411176646835770
 413.551191702643223
 413.551191702643962
 449.209539887128528
 449.209539887129665
 486.386106130544022
 486.386106130544192
 525.080797093380284
 525.080797093380284
 565.293536419573343
 565.293536419575503
 607.024261157396268
 607.024261157396836
 650.272919030758203
 650.272919030759795
 695.039466337495014
 695.039466337498197
 741.323866315171017
 741.323866315173859
 789.126087859150061
 789.126087859152108
 838.446104508760641
 838.446104508760982
 889.283893639284770
 889.283893639284770
 941.639435813377304
 941.639435813380487
 995.512714256934601
 995.512714256934714
1050.903714432829474
1050.903714432833112
1107.812423692224684
1107.812423692227867
1166.238830987632809
1166.238830987642359
1226.182926635668082
1226.182926635668082
1287.644702119755721
1287.644702119755948
1350.624149925384472
1350.624149925388110
1415.121263401882970
1415.121263401884335
1481.136036645908689
1481.136036645909599
1548.668464402898053
1548.668464402901691
1617.718541983337673
1617.718541983339946
1688.286265191384473
1688.286265191385610
1760.371630263780844
1760.371630263782208
1833.974633817433187
1833.974633817435233
1909.095272804204797
1909.095272804212073
1985.733544471935829
1985.733544471936966
2063.889446330563715
2063.889446330565534
2143.562976122774216
2143.562976122774671
2224.754131798332764
2224.754131798336857
2307.462911491742943
2307.462911491751129
2391.689313502580717
2391.689313502586174
2477.433336278308616
2477.433336278314528
2564.694978399059892
2564.694978399065803
2653.474238564331245
2653.474238564335337
2743.771115581051163
2743.771115581051617
2835.585608353195767
2835.585608353200314
2928.917715872394183
2928.917715872396911
3023.767437209663967
3023.767437209668515
3120.134771508110134
3120.134771508119229
3218.019717976158518
3218.019717976160337
3317.422275881812766
3317.422275881820042
3418.342444547281048
3418.342444547282412
3520.780223344232127
3520.780223344232581
3624.735611689570305
3624.735611689574398
3730.208609041535965
3730.208609041543696
3837.199214896250851
3837.199214896256308
3945.707428784847252
3945.707428784849071
4055.733250913092888
4055.733250913098345
4167.277589397401243
4167.277589397409429
4280.787234512215946
4280.787234512225950
