   0.000000000000000
   5.303737298808740
  10.285692149434368
  14.908115459806577
  19.057365635698645
  22.976198234745628
  24.985118553564018
  30.608135011398808
  30.738636519502279
  40.175088684903265
  40.176355618297251
  52.210047174326974
  52.210051653023335
  66.603024449420943
  66.603024456922938
  83.296098034539028
  83.296098034545849
 102.263314735450919
 102.263314735451090
 123.491470232466767
 123.491470232466853
 146.973211450676075
 146.973211450676246
 172.704163088141968
 172.704163088142280
 200.681583988193864
 200.681583988193921
 230.903683833976515
 230.903683833976771
 263.369252319791087
 263.369252319791372
 298.077447076000055
 298.077447076000169
 335.027666997094684
 335.027666997094855
 374.219473745344487
 374.219473745344828
 415.652541544295104
 415.652541544296923
 459.326624169334195
 459.326624169334366
 505.241532712199046
 505.241532712199557
 553.397120277052522
 553.397120277054455
 603.793271242649212
 603.793271242649439
 656.429893596569400
 656.429893596571446
 711.306913376172815
 711.306913376173043
 768.424270579342533
 768.424270579343101
 827.781916116974685
 827.781916116979573
 889.379809514491626
 889.379809514492081
 953.217917159024068
 953.217917159024637
1019.296210949178658
1019.296210949180590
1087.614667244891280
1087.614667244894008
1158.173266043612557
1158.173266043613694
1230.971990328658421
1230.971990328660240
1306.010825549826677
1306.010825549828951
1383.289759206466442
1383.289759206470535
1462.808780510517181
1462.808780510520137
1544.567880112434523
1544.567880112437706
1628.567049877003910
1628.567049877010049
1714.806282698857785
1714.806282698858240
1803.285572349880795
1803.285572349881932
1894.004913352376889
1894.004913352382118
1986.964300873124785
1986.964300873129105
2082.163730634466901
2082.163730634467811
2179.603198839387460
2179.603198839398829
2279.282702108166177
2279.282702108167086
2381.202237424494797
2381.202237424500709
2485.361802089577395
2485.361802089579669
2591.761393682845664
2591.761393682848393
2700.401010028268047
2700.401010028268956
2811.280649165225896
2811.280649165234081
2924.400309323506463
2924.400309323508736
3039.759988901440920
3039.759988901458200
3157.359686447086460
3157.359686447086915
3277.199400641696684
3277.199400641701232
3399.279130285329757
3399.279130285336123
3523.598874284248723
3523.598874284250087
3650.158631639811119
3650.158631639820214
3778.958401438734654
3778.958401438737837
3909.998182844487928
3909.998182844496569
4043.277975089653410
4043.277975089666597
4178.797777469240827
4178.797777469244465
4316.557589334647673
4316.557589334662225
4456.557410088335018
4456.557410088345023
4598.797239179073586
4598.797239179074495
4743.277076097741883
4743.277076097758254
4889.996920373493595
4889.996920373500870
5038.956771570346064
5038.956771570363344
5190.156629284118026
5190.156629284123483
5343.596493139762060
5343.596493139764789
5499.276362788802544
5499.276362788804363
5657.196237907121031
5657.196237907133764
5817.356118192965369
5817.356118192982649
5979.756003443889313
5979.756003443903865
6144.396149153390979
6144.396149153392798
6311.565266386416624
6311.565266386442090
