   0.000000000000000
   4.461923522023681
   8.709705962196091
  12.723508349275054
  16.473872201452409
  19.937370817338966
  22.872631677561291
  26.068820765373484
  26.975319586162257
  32.445851292897096
  32.478295922911755
  40.453820282326461
  40.454103992003652
  50.181545737148888
  50.181546827758908
  61.539667702641047
  61.539667704850871
  74.486183211998039
  74.486183212000697
  89.000457062625529
  89.000457062625699
 105.071208364952440
 105.071208364952483
 122.691792080378448
 122.691792080378534
 141.858069796079633
 141.858069796080059
 162.567348670561273
 162.567348670561643
 184.817812695832828
 184.817812695833339
 208.608200019771886
 208.608200019772113
 233.937611235796055
 233.937611235796567
 260.805391020057925
 260.805391020058437
 289.211052623961564
 289.211052623962360
 319.154228324314715
 319.154228324315113
 350.634636093062966
 350.634636093063989
 383.652056681642250
 383.652056681642250
 418.206317555542114
 418.206317555542569
 454.297281432479053
 454.297281432479679
 491.924837974622847
 491.924837974623188
 531.088897679836123
 531.088897679836464
 571.789387330567024
 571.789387330567479
 614.026246562195524
 614.026246562196775
 657.799425246722421
 657.799425246722762
 703.108881477544969
 703.108881477548039
 749.954580002519833
 749.954580002522675
 798.336490994767587
 798.336490994771111
 848.254589080525875
 848.254589080527012
 899.708852564358835
 899.708852564361905
 952.699262807254740
 952.699262807256105
1007.225803724018874
1007.225803724021375
1063.288461374553208
1063.288461374559574
1120.887223629466462
1120.887223629469190
1180.022079894957187
1180.022079894957642
1240.693020885276383
1240.693020885277292
1302.900038433582722
1302.900038433585905
1366.643125333943317
1366.643125333944226
1431.922275208765313
1431.922275208770770
1498.737482397132680
1498.737482397138592
1567.088741860228765
1567.088741860230584
1636.976049101092485
1636.976049101094759
1708.399400096177942
1708.399400096178852
1781.358791236739307
1781.358791236741126
1855.854219278593973
1855.854219278605342
1931.885681298777854
1931.885681298778309
2009.453174658094213
2009.453174658094213
2088.556696968758843
2088.556696968764300
2169.196246066114782
2169.196246066116146
2251.371819984130070
2251.371819984135527
2335.083416933881836
2335.083416933886838
2420.331035284767950
2420.331035284769769
2507.114673547996063
2507.114673547996517
2595.434330362010314
2595.434330362013952
2685.290004479681102
2685.290004479682011
2776.681694756948218
2776.681694756949128
2869.609400142748655
2869.609400142751383
2964.073119670140386
2964.073119670148117
3060.072852448306548
3060.072852448307003
3157.608597655480480
3157.608597655480480
3256.680354532601996
3256.680354532613364
3357.288122377763557
3357.288122377767195
3459.431900540967490
3459.431900540968400
3563.111688419696293
3563.111688419699931
3668.327485454793077
3668.327485454795806
3775.079291126729913
3775.079291126732187
3883.367104952325008
3883.367104952326827
3993.190926481912356
3993.190926481916904
4104.550755849870256
4104.550755849871166
4217.447418436348016
4217.447418436348016
4332.309543496176047
4332.309543496180595
